integraality/tests/test_column.py
  h_bc010f8da910ff 28,48,52,61,74,87,101,105,677,681,689,693,695,700-702,711,713,730,732,749,751,768-769,771,793,798,800,808,812,829-830,850,852,891,893,946,948,1023,1026,1086-1087,1097,1102,1106,1114,1119,1122,1128,1137,1139,1149-1150,1152,1167,1172,1174,1179-1182,1285,1288,1292,1298,1305,1307,1320-1321,1323,1348,1356,1358
integraality/tests/test_property_statistics.py
  h_bc010f8da910ff 37,210,231,251,2424,2445,2465,2548,2563,2578,2697,2712,2727,2751,2761,2779,2794,2814,2824,2834,2844,2863,2878,2898,2908,2918,2928,2972,2982,2992,3002,3012,3048,3058,3068,3078,3088
---
{
  "schema_version": "authorship/3.0.0",
  "git_ai_version": "1.6.22",
  "base_commit_sha": "9d0898514d8e630b15e5327986f44911e63ab663",
  "prompts": {},
  "humans": {
    "h_bc010f8da910ff": {
      "author": "Jean-Frédéric <JeanFred@users.noreply.github.com>"
    }
  }
}